0.88688,176.94970,2.98598,174.47119,3.33692,0.00000,0.02505,0.17206,0.00638,1.41227,0.06785,0.19899,0.01255,0.92453
0.82501,10.13338,0.25786,0.16655,0.00991,178.83902,2.05919,177.45957,2.05541,5.12494,0.13089,0.17477,0.00983,0.81633
0.78364,4.23908,0.43438,1.09839,0.34739,2.90243,0.07296,0.23726,0.00710,2.93542,0.13664,0.23151,0.00720,0.87500
0.81900,13.13013,0.36893,0.32674,0.02455,6.88108,0.08712,0.33170,0.02448,9.87554,0.23607,0.32806,0.02454,0.71875
0.72021,5.93386,0.21412,0.50801,0.02224,11.24216,0.85254,7.99685,0.79246,3.15266,0.12278,0.50397,0.02193,0.70968
0.91781,87.18768,3.63467,89.62965,3.65181,2.47607,0.06945,0.60315,0.01128,1.70166,0.04392,0.29261,0.00453,0.85417
0.91451,7.95355,0.34489,0.02888,0.00753,2.77442,0.04965,0.02877,0.00753,1.79111,0.05969,0.02903,0.00754,0.92308
0.72165,131.71875,3.10381,126.62984,2.92849,177.92913,4.80181,166.05083,4.61992,87.34386,2.62792,89.71725,2.75896,0.85714
0.90103,5.66932,0.16826,0.51890,0.01224,4.90605,0.24745,0.51876,0.01223,3.06828,0.08924,0.51881,0.01223,0.92105
0.73782,176.74033,4.21468,175.10557,4.34672,6.79376,0.73308,0.26402,0.43242,85.58216,3.03729,90.64974,3.36408,0.37037
0.81959,8.40768,0.18398,0.44434,0.03123,6.76877,0.34063,0.20254,0.01455,6.76545,0.14134,0.43853,0.03093,0.74194
0.83011,105.30274,3.79186,111.77480,3.97991,1.98097,0.06474,0.24996,0.00864,8.08635,0.18007,0.26677,0.00892,0.92857
0.84830,2.58778,0.13681,0.15654,0.01040,9.59743,0.27712,0.15383,0.01041,1.75186,0.11492,0.16742,0.01033,0.92308
0.80909,3.02291,0.05640,0.18227,0.01126,9.13820,0.28709,0.18730,0.01125,2.56229,0.04631,0.17875,0.01131,0.92063
0.70171,15.03383,0.23511,0.71346,0.02272,2.99620,0.12641,0.71274,0.02271,0.91967,0.07675,0.71347,0.02272,0.80952
0.72608,106.42229,2.04394,95.67209,1.72825,173.07786,2.67233,175.19280,2.56611,9.62269,0.18478,0.40835,0.00600,0.64706
0.94362,7.62560,0.11653,0.15249,0.00367,2.30881,0.23122,0.15255,0.00367,2.09918,0.18282,0.15247,0.00367,0.78462
0.88743,6.90675,0.24095,0.34408,0.00444,7.61021,0.17372,0.34109,0.00443,4.32767,0.11324,0.34285,0.00445,0.75439
0.75871,36.57909,0.86534,16.46168,0.44358,2.80294,0.08177,0.23286,0.01434,3.44749,0.04368,0.21353,0.01422,0.98413
0.78487,10.39452,0.03164,0.43830,0.26238,4.43397,0.08248,0.35926,0.00808,2.37313,0.09554,0.37149,0.00809,0.96226
0.76953,22.46545,0.48385,0.19790,0.01224,7.40657,0.25438,0.19440,0.01226,6.13729,0.04091,0.19461,0.01224,0.77778
0.70149,134.90599,2.94347,140.64170,3.07222,130.37718,1.09289,133.02283,1.08509,130.60546,0.70396,132.09124,0.71187,0.33333
0.94081,150.48222,1.81051,150.27098,2.10741,6.23195,0.27358,0.05317,0.00390,3.10730,0.16336,0.05360,0.00388,0.97260
0.87687,166.22516,3.83843,168.26316,3.80527,2.23078,0.13282,0.11753,0.01327,2.56672,0.05543,0.12704,0.01350,0.86792
0.77520,9.01973,0.23675,7.64908,0.23739,8.47367,0.20122,0.16856,0.00601,0.90369,0.06025,0.16738,0.00601,0.98551
0.74879,0.00000,0.50991,0.14553,0.00728,2.63756,0.12354,0.14564,0.00731,1.49907,0.05781,0.14540,0.00750,0.84314
0.79719,122.19401,3.55826,122.18335,3.80871,116.48289,2.65705,121.45764,2.35688,2.34274,0.06505,0.38702,0.01161,0.66667
0.77729,74.15287,2.49621,71.94229,2.44092,11.06082,0.33885,0.05499,0.01078,8.79455,0.25119,0.06266,0.01293,0.82000
0.79088,19.68655,0.84164,0.34953,0.00906,6.82261,0.26477,0.31120,0.00885,2.18708,0.06015,0.36291,0.00913,0.93103
0.77341,6.40972,0.15562,0.24539,0.01208,8.20012,0.13928,0.24097,0.01192,2.15391,0.05745,0.24536,0.01208,0.86154
0.78490,169.53768,3.62310,168.16666,3.53717,71.22421,3.31705,69.92834,3.26877,25.23521,0.39725,0.59057,0.01212,0.73529
0.87551,2.88657,0.33105,0.43515,0.01230,14.43619,0.41216,0.45285,0.01291,0.56460,0.12066,0.44190,0.01254,0.94915
0.80489,175.93682,3.50557,176.05073,3.42572,6.86868,0.21888,0.20353,0.00988,8.02135,0.17740,0.20666,0.00995,0.86538
0.84109,133.24365,2.47748,138.29008,2.68030,7.58780,0.06885,0.66064,0.01364,3.71216,0.11307,0.66045,0.01366,0.87500
0.92521,21.98956,0.64169,3.80107,0.55190,3.80914,0.11225,0.23828,0.00445,1.35498,0.03657,0.22297,0.00374,0.91429
0.92888,130.58695,3.00669,131.50326,2.97733,87.82601,2.92370,89.96460,2.97142,6.23351,0.14965,0.62391,0.01397,0.68571
0.73428,134.35123,2.22358,140.15807,2.20478,77.21576,2.73596,65.70602,2.41943,158.47726,3.63897,161.44115,3.61368,0.65385
0.92537,173.59892,3.89530,179.94826,3.85296,20.16293,0.25461,0.68940,0.01491,1.88294,0.13968,0.64039,0.01334,0.85000
0.72211,82.02021,2.10525,80.34841,2.01980,129.34063,3.20573,130.46403,3.37947,172.30549,3.47932,171.38218,3.45354,0.75862
0.83570,5.23888,0.17219,0.81154,0.01775,2.24596,0.05524,0.80639,0.01765,5.27493,0.12406,0.80713,0.01758,0.79412
0.82184,3.86925,0.13578,0.06127,0.00621,9.23348,0.23620,0.06136,0.00623,1.73255,0.08085,0.06166,0.00620,0.93878
0.73375,90.57829,2.73708,97.28822,2.68839,3.88861,0.29595,0.64415,0.01828,1.91014,0.17221,0.64254,0.01849,0.95238
0.84160,94.87511,1.46443,95.71976,1.57049,10.27714,0.22004,0.46274,0.01230,6.25887,0.20134,0.46885,0.01239,0.87805
0.82378,15.03618,0.26676,0.49675,0.01129,179.50297,3.41805,178.57046,3.16360,11.48417,0.23261,0.32293,0.00865,0.81818
0.80438,11.91842,0.48529,0.18462,0.16524,6.65227,0.19353,0.30266,0.00489,3.99202,0.02645,0.10422,0.00819,0.90000
0.83484,6.06595,0.35825,0.21026,0.00689,2.21665,0.13538,0.15697,0.00923,1.90440,0.15323,0.15675,0.00923,0.82222
0.86716,7.09200,0.22505,0.15750,0.00935,63.50531,1.91123,60.11991,1.82243,2.28281,0.05249,0.15173,0.00944,0.88462
0.84060,119.67707,0.34006,128.53918,0.65818,171.18857,2.18018,176.19140,2.31937,151.02615,2.46325,153.41246,2.31887,0.70833
0.87778,2.35000,0.28172,0.73218,0.01738,2.98391,0.24306,0.71706,0.01688,3.02796,0.22311,0.73470,0.01754,0.84211
0.87561,34.85258,0.89140,31.27537,0.81670,2.91424,0.29261,0.57171,0.01889,7.34453,0.19863,0.58055,0.01925,0.89474
0.81315,168.20697,1.35415,167.22158,1.32527,178.60721,3.47160,178.00899,3.46167,5.32460,0.13962,0.72466,0.02342,0.89189
0.78164,128.11818,1.89310,120.89405,1.90566,175.93076,1.94541,170.97933,1.95535,10.93056,0.26059,0.24862,0.01020,0.87179
0.73495,179.98075,1.03169,178.53363,1.02824,178.01668,2.24870,173.28440,1.97330,5.02576,0.08673,0.19643,0.00871,0.86364
0.83459,98.31809,3.20354,111.72790,3.38157,177.78932,0.35634,173.23216,0.64516,82.79200,2.64774,81.01097,2.57270,0.50000
0.75921,4.59663,0.37028,0.37221,0.01290,6.09985,0.27596,0.37863,0.01252,2.44851,0.08527,0.34400,0.01481,0.85714
0.72781,2.82769,0.11189,0.33798,0.00914,5.55064,0.12137,0.33548,0.00932,1.59017,0.08429,0.34321,0.00874,0.89362
0.73519,136.26922,1.70664,130.46379,1.67881,4.75084,0.33324,0.57341,0.01011,6.47342,0.15041,0.51893,0.00952,0.72973
0.70042,49.87233,1.57687,46.03540,1.44480,0.86517,0.33519,1.09238,0.03379,2.13982,0.05852,1.07042,0.03253,0.92105
0.75729,139.66035,1.03951,148.71919,1.19581,6.75857,0.21349,0.84777,0.02475,1.85108,0.20138,0.85630,0.02513,0.72727
0.73083,130.12117,3.44872,134.17222,3.34995,143.43803,3.33235,140.97366,3.29737,137.29240,3.25085,132.85489,3.27805,0.60870
0.92765,7.64879,0.19272,0.04859,0.00593,6.13953,0.12422,0.04831,0.00594,1.35487,0.06673,0.04732,0.00595,0.95556
0.90891,36.41020,1.57685,27.32261,1.25499,5.64791,0.19279,0.13353,0.00308,2.45940,0.22023,0.11973,0.00301,0.91667
0.75889,170.48213,2.67798,172.71343,2.39271,83.88012,2.31475,85.92413,2.35268,13.54053,0.45213,1.03252,0.38650,0.66667
0.82123,173.97662,0.96026,170.23128,1.03803,176.44261,2.17662,179.61472,2.07547,6.95513,0.16023,0.53610,0.01829,0.72222
0.80451,2.17708,0.20565,1.09439,0.04204,93.40673,0.84736,96.60733,0.19845,164.70358,4.16824,171.40276,4.25197,0.72000
0.85814,165.66417,1.76867,159.52642,1.68738,5.29474,0.17658,0.18053,0.00786,1.41009,0.14910,0.19134,0.00801,0.87500
0.71971,153.67335,3.99352,161.16011,3.97862,179.09898,3.00203,179.72754,2.91914,10.32048,0.59605,0.83058,0.02545,0.50000
0.78709,169.88812,1.92284,168.89429,1.64161,8.59580,1.24996,26.01485,1.57156,7.51557,0.17987,0.50161,0.01747,0.90909
0.80451,172.97783,1.98099,159.80060,2.03283,126.94988,3.80227,125.33231,3.84928,27.53558,1.11984,1.37688,0.05447,0.58333
0.77336,179.82798,2.66163,178.45608,2.43521,179.32994,1.82104,179.62691,1.83421,179.96605,1.89725,179.52207,2.13008,0.79412
0.83985,95.41258,2.74080,92.35382,2.66754,2.89976,0.17689,0.25724,0.00795,1.92530,0.08863,0.25805,0.00798,0.86047
0.86767,123.13141,4.06695,124.58721,4.08086,178.21990,4.27945,178.55439,4.34463,178.57384,1.93271,178.64115,2.09490,0.60870
0.88392,175.49433,1.18821,176.52004,0.88920,5.13673,0.24493,0.38872,0.01369,2.81019,0.13606,0.39696,0.01404,0.77500
0.93233,155.09268,4.22264,161.92661,4.28425,139.79554,4.15846,129.61984,3.89090,167.71248,4.45528,178.28713,4.42640,0.47826
0.90677,60.85804,0.53818,50.98588,0.75560,50.93302,1.26820,45.16591,1.04716,1.35167,0.07855,0.79607,0.02679,0.68182
0.79354,1.97499,0.54273,0.64002,0.52100,178.82870,3.09340,179.96516,3.11154,5.24289,0.16072,0.10552,0.00686,0.94737
0.78652,45.00562,1.07515,41.73229,1.18496,4.92328,0.18331,0.56177,0.00143,3.52052,0.06603,0.56604,0.00143,0.94231
0.82013,2.82011,0.70939,0.61600,0.47394,5.43823,0.10363,0.41021,0.00568,4.18718,0.08478,0.41047,0.00569,0.70588
0.76313,26.42098,0.52369,0.20771,0.01012,5.59853,0.54366,0.20717,0.01011,4.05346,0.12758,0.17725,0.00796,0.88571
0.82015,179.99994,4.12333,174.00479,4.36797,179.17179,0.54106,176.71602,0.29304,137.47736,3.94161,136.87423,3.95447,0.59091
0.71079,111.75542,2.69048,107.40559,2.61720,179.00935,4.27539,176.93757,4.22522,1.06577,0.11361,0.67977,0.00759,0.89130
0.70052,2.68612,0.12051,0.45437,0.01955,3.47239,0.28822,0.50208,0.01991,5.36279,0.06780,0.45687,0.01959,0.88095
0.83256,125.32413,3.41731,128.29111,3.46107,2.81090,0.45896,0.81618,0.02849,136.62532,4.73147,144.95124,4.77423,0.29167
0.72093,173.71657,3.49634,168.45982,3.54878,115.26000,2.95665,112.44491,2.98143,12.53039,0.14303,0.38489,0.00800,0.80000
0.73352,177.91950,2.49939,178.21603,2.59547,0.00000,0.03593,0.47632,0.00722,2.20761,0.10749,0.47056,0.00702,0.81818
0.73184,137.72619,2.89271,147.57173,2.89661,9.59561,0.08657,0.36033,0.01128,1.73328,0.07909,0.35411,0.01104,0.92593
0.79225,42.90603,1.76323,36.76577,1.52574,149.84040,4.18222,146.98525,4.14113,10.55468,0.44179,1.73254,0.06473,0.66667
0.77281,139.30752,2.24011,139.50346,2.58766,2.54273,0.21087,0.52359,0.01275,139.53261,3.28168,142.25395,3.30061,0.36364
0.74299,102.55702,2.67879,105.75301,2.61841,121.51929,2.03845,126.46893,2.01812,122.50635,2.58106,116.09246,2.50430,0.87097
0.73643,168.65549,2.07424,167.51431,2.01947,6.10285,0.06259,0.57806,0.02269,4.65176,0.11150,0.59059,0.02300,0.74286
0.82220,3.84993,0.07132,0.32143,0.00613,5.02536,0.09272,0.22476,0.00692,2.89352,0.04331,0.33200,0.00620,0.87234
0.78938,44.57200,1.46587,36.47858,1.38618,11.98745,0.48626,12.86884,0.53897,36.06570,1.24540,37.68202,1.27359,0.37500
0.78692,166.04661,2.89365,179.87252,2.97399,15.15035,0.31144,0.42474,0.02181,2.97080,0.17819,0.34215,0.01947,0.79487
0.83629,4.80343,0.14424,0.25525,0.00495,4.13000,0.14667,0.39995,0.00558,2.20603,0.15669,0.41279,0.00573,0.85714
0.70917,38.65700,1.12305,38.99236,1.23574,159.82067,1.54422,162.91595,1.54358,134.06847,2.31721,145.70000,2.21680,0.23684
0.82533,6.15986,0.31820,0.23754,0.01231,5.09607,0.55848,0.73887,0.34208,4.55625,0.14472,0.23702,0.01233,0.93478
0.75670,38.30946,1.79482,39.23466,1.94799,3.25555,0.10894,0.47449,0.00785,1.16019,0.11525,0.47442,0.00785,0.90625
0.80199,78.12434,2.01976,90.86629,2.18443,119.76053,3.74251,120.31832,3.75346,120.28509,3.37478,95.47446,3.54542,0.44828
0.77635,174.43969,0.65450,168.82961,0.55358,2.44872,0.15348,0.85694,0.02648,10.75679,0.20630,0.85626,0.02645,0.65385
0.75641,179.21923,1.64681,176.50084,1.90594,0.00000,1.02523,0.69910,1.02378,175.67508,1.75942,173.48864,1.72519,0.33333
0.75071,165.54924,2.16996,167.55275,1.90699,7.68958,0.43467,7.37548,0.48188,5.44960,0.56584,7.25149,0.69275,0.65385
0.78917,11.21192,0.51048,0.89169,0.36787,14.37317,0.55375,0.83159,0.37981,12.99006,0.33176,0.89507,0.37760,0.81250
0.77635,10.00378,0.41722,0.66436,0.02562,0.84793,0.18949,0.68900,0.02640,24.76323,0.90660,0.66590,0.02567,0.61538
0.79219,107.24967,1.92465,101.58550,1.87735,9.23374,0.30058,0.22370,0.00403,0.87026,0.05247,0.21270,0.00411,0.90566
0.77320,163.25875,3.28293,165.96988,3.21163,0.00000,0.39184,0.09343,0.00855,117.05324,3.65024,117.42438,3.66274,0.46429
0.81932,6.34971,0.35155,0.09423,0.00454,3.88970,0.08408,0.09428,0.00455,5.39946,0.08981,0.09456,0.00453,0.96364
0.70515,54.07257,1.73996,56.62679,1.82028,39.06827,0.55828,26.55384,0.53363,12.03184,0.72168,12.79310,0.84280,0.64286
0.82543,33.85657,1.00852,0.18039,0.02041,6.10190,0.08904,0.19437,0.01480,2.58933,0.23296,0.18298,0.01485,0.78723
0.80619,160.77470,1.95797,163.25319,1.94821,179.79291,3.19073,176.93662,3.27438,2.72425,0.06463,0.11510,0.00597,0.89655
0.83505,4.91319,0.33151,0.28081,0.02094,6.95262,0.10889,0.28113,0.02099,10.50771,0.31455,0.28107,0.02093,0.72727
0.83350,127.46111,2.20302,128.04770,2.15329,39.43684,1.11236,0.24643,0.01298,21.12739,0.37741,0.24814,0.01305,0.65385
0.81327,179.00537,2.27295,178.26340,2.23340,178.00730,2.31316,179.16798,2.25472,11.92955,0.39396,0.45164,0.00916,0.72727
0.74528,132.24053,2.30605,131.33165,2.32546,162.67085,3.02872,165.74493,2.66166,94.60283,3.61070,95.05638,3.64646,0.57143
0.76681,143.75487,2.50326,132.83501,2.44483,11.90189,0.44818,0.67266,0.01299,165.95597,3.23637,163.82167,3.24394,0.68966
0.76330,142.39247,2.22028,146.64401,2.19838,6.97188,0.27999,0.32611,0.00672,8.26401,0.27531,0.35188,0.00689,0.75676
0.85290,13.88227,0.36487,0.54725,0.00599,4.06454,0.06712,0.56243,0.00462,0.56868,0.04085,0.54381,0.00529,0.98824
0.87463,179.33624,2.68195,174.65782,2.97711,125.40303,1.19489,119.72877,1.00385,3.84146,0.14475,0.31440,0.01286,0.81081
0.73359,108.32426,1.11552,113.70765,1.18824,6.51950,0.21073,0.68602,0.01860,76.56173,2.25527,88.52364,2.37948,0.46429
0.75514,176.23371,2.36844,166.77937,2.47948,113.42566,2.78298,111.70289,2.68354,135.53970,3.18443,136.73348,3.44579,0.25926
0.88024,48.37414,2.01917,45.98529,1.88989,7.67172,0.38413,0.37313,0.01349,1.73188,0.14922,0.37496,0.01361,0.77778
0.75085,142.06042,1.70597,143.20826,1.71542,91.99196,2.09191,94.32028,2.23817,15.96534,0.70174,6.44298,0.52111,0.72414
0.72925,105.13301,2.77034,97.98665,2.83049,165.45780,3.11952,165.81310,3.33123,9.10012,0.11444,0.84544,0.02871,0.80000
0.74488,12.63990,0.30722,0.33409,0.01541,4.26033,0.16079,0.27243,0.01502,1.68570,0.04913,0.33720,0.01533,0.92157
0.79415,63.47239,1.41050,50.45006,1.24304,170.63629,2.66625,172.68377,2.68130,177.99723,2.25203,179.65231,2.20430,0.66667
0.75424,11.22832,0.31787,0.42514,0.01232,7.27926,0.21620,0.79493,0.02345,3.91564,0.10803,0.77252,0.02277,0.82857
0.77170,4.48679,0.09472,0.47664,0.01971,5.09557,0.29494,0.47560,0.01963,2.95994,0.18729,0.48530,0.01995,0.73333
0.88962,2.03301,0.13303,0.46852,0.01360,0.00000,0.01620,0.47989,0.01370,7.31768,0.15784,0.51707,0.01356,0.79070
0.84528,4.65936,0.06123,0.74496,0.01939,1.15749,0.05233,0.74772,0.01930,5.40654,0.16086,0.72595,0.01948,0.63636
0.73208,179.48683,1.22601,179.33728,1.17773,177.83167,2.52230,179.22660,2.52732,111.33334,3.35267,119.52113,3.38336,0.51724
0.89035,3.88920,0.13844,0.05530,0.00422,1.74273,0.05049,0.05628,0.00426,3.30270,0.03477,0.05605,0.00424,0.93443
0.73392,131.56015,2.02595,126.72004,2.12699,152.69074,2.49478,156.83335,2.49723,177.65144,1.39148,179.58813,1.43646,0.69697
0.79562,164.05885,3.16661,161.07346,3.07916,6.76988,0.20080,0.22666,0.01043,6.76781,0.26503,0.22454,0.01039,0.84091
0.87376,19.72639,0.60201,0.45456,0.01818,8.75023,0.20975,0.45156,0.01823,127.69270,3.71428,124.11846,3.69202,0.41935
0.78189,2.36080,0.65962,3.28388,0.78213,4.88160,0.13111,0.49268,0.01491,177.85663,2.38120,177.07976,2.22858,0.87879
0.77547,10.43239,0.23079,0.57490,0.01196,178.92151,3.81073,177.63404,3.88088,0.95797,0.09195,0.57869,0.01213,0.92593
0.80793,104.75971,3.11346,93.91806,2.84091,175.98720,3.16882,165.59980,3.18350,2.79091,0.11346,0.24273,0.01771,0.84615
0.80884,7.97350,0.07977,0.37431,0.01231,105.80979,3.31625,103.52838,3.27746,7.26103,0.11982,0.52867,0.01276,0.66667
0.76826,113.06120,3.19785,121.96528,3.38840,7.87496,0.22981,0.41176,0.02077,2.82305,0.09648,0.31016,0.02352,0.90000
0.87153,17.04395,0.57313,0.48075,0.01139,1.02939,0.05081,0.51266,0.01232,0.90248,0.05796,0.48861,0.01161,0.96226
0.75513,171.96913,3.24967,172.48146,3.21264,5.01791,0.34550,8.52035,0.13555,174.45619,3.02054,173.24463,2.94151,0.29412
0.73119,176.17994,0.76412,169.91859,0.71521,5.20095,0.17473,0.53469,0.02245,3.33154,0.06296,0.53733,0.02262,0.83333
0.88909,5.58583,0.30342,0.54977,0.20119,179.76174,3.20612,179.91984,2.98197,176.25518,2.61597,178.80730,2.58366,0.46667
0.82902,80.07505,1.37984,75.22734,1.29029,2.55865,0.74842,1.57915,0.72737,89.40511,1.94972,90.44103,2.04040,0.93103
0.84658,179.33714,1.42632,179.60239,1.48286,169.13640,2.21958,177.52768,2.52724,140.46973,3.58691,144.75141,3.65243,0.35714
0.89372,16.67070,0.37949,0.27138,0.01268,171.80226,2.50426,177.87651,2.15532,179.71167,2.54714,177.92502,2.16041,0.61290
0.72274,4.38008,0.54388,0.54210,0.22161,8.06616,0.34495,0.46937,0.16967,7.85142,0.38016,0.84390,0.32953,0.97059
0.88447,11.69975,0.31627,0.36293,0.01839,4.76092,0.16707,0.36391,0.01837,4.10142,0.17390,0.36581,0.01837,0.95238
0.88691,177.98156,2.82735,169.57659,2.82073,8.51964,0.14646,0.36492,0.01135,7.08126,0.06162,0.36151,0.01133,0.84783
0.83307,48.86837,0.93062,0.09525,0.00390,1.72426,0.17749,0.08973,0.00392,7.12157,0.10974,0.09310,0.00553,0.85294
0.81905,170.98367,0.25955,178.91358,1.09092,6.57087,0.14698,0.27628,0.00634,3.40753,0.09252,0.27065,0.00563,0.72222
0.86207,86.53034,2.31960,93.50160,2.37747,3.53297,0.32185,0.25825,0.01077,5.77325,0.12464,0.25832,0.01076,0.82609
0.89582,16.59600,0.58111,0.21096,0.00882,5.20446,0.16995,0.08795,0.01106,1.91995,0.16985,0.08661,0.01107,0.60000
0.81505,179.44412,2.39807,179.27086,2.80546,7.34664,0.39722,3.39350,0.35116,3.07648,0.11616,0.30708,0.00954,0.81818
0.83457,1.80317,0.38708,0.49510,0.36263,1.74333,0.40702,0.46041,0.01124,3.47484,0.14360,0.46767,0.01136,0.88889
0.93514,1.74827,0.06780,0.29715,0.01084,7.06209,0.15971,0.29648,0.01089,5.11321,0.07873,0.33393,0.01121,0.73469
0.89777,179.13108,2.60341,179.56722,2.69076,6.60142,0.21100,0.31417,0.01104,12.58906,0.15709,0.32591,0.01125,0.68421
0.90987,169.17667,2.59353,172.97037,2.45225,3.59225,0.06766,0.33596,0.00250,4.56186,0.12197,0.46119,0.00546,0.97674
0.90831,175.93572,4.13181,164.06053,4.16506,8.73839,0.40207,3.79723,0.47862,128.09119,1.64439,120.05416,1.66626,0.57576
0.88670,3.27178,0.09686,0.35628,0.00725,3.91738,0.14512,0.35380,0.00717,25.94600,0.58511,0.36807,0.00760,0.69444
0.88316,170.70618,3.42602,177.72089,3.34505,8.96339,0.55857,0.07417,0.00727,156.74431,3.39442,150.65472,3.32365,0.35294
0.91872,14.80933,0.35333,0.20556,0.01223,6.32831,0.32105,0.20503,0.01222,1.31952,0.09155,0.19622,0.01200,0.80000
0.78276,7.69443,0.49670,3.61047,0.50454,9.48207,0.42748,0.56231,0.30757,157.72402,2.87155,157.42495,2.69109,0.37037
0.72874,167.00129,1.97170,178.18052,1.96400,177.28038,2.21194,177.97291,1.91251,170.78118,3.69814,170.60859,3.72911,0.46667
0.71379,5.85630,0.29585,0.76858,0.35519,4.73055,0.79266,1.34753,0.77214,5.23639,0.74745,1.34187,0.77187,0.86207
0.93563,171.89920,2.79945,171.31647,3.35642,173.62998,3.18387,171.39436,3.35479,175.54811,2.67632,175.20110,2.54027,0.33333
0.84727,178.21326,1.76287,179.67174,1.89314,176.50475,2.09434,176.95340,1.85814,115.67443,3.56795,112.95540,3.52352,0.66667
0.74138,4.64422,0.05412,0.57488,0.00824,1.76632,0.18023,0.57493,0.00825,2.18910,0.11151,0.57477,0.00824,0.96667
0.96437,19.21061,0.87755,0.10495,0.00462,2.79170,0.15544,0.11276,0.01096,2.21848,0.16173,0.11029,0.01103,0.79310
0.84608,9.20446,0.28722,0.91648,0.02551,4.65111,0.18861,1.02297,0.02899,2.93946,0.13411,1.02329,0.02907,0.79070
0.77046,174.75785,3.38069,175.94657,3.47661,9.65441,1.44306,6.55481,1.39223,169.40050,1.91137,167.24443,1.90444,0.33333
0.89067,171.26985,4.03133,169.30143,3.97155,178.57190,2.12767,177.61528,2.07335,139.45077,3.77313,140.80211,3.80807,0.60714
0.90498,5.78224,0.38162,0.78576,0.02095,5.58246,0.30630,0.81678,0.01991,6.17273,0.26610,0.78576,0.02095,0.83871
0.91087,11.82820,0.38770,0.69884,0.01747,7.46066,0.35084,0.69943,0.01740,3.52862,0.22098,0.70003,0.01740,0.77419
0.74123,3.34964,0.06310,0.22774,0.01616,2.49913,0.01080,0.23447,0.01631,177.64933,2.56090,178.08508,2.33728,0.32258
0.70234,3.73942,1.38862,1.13678,1.37790,2.65657,0.85684,3.18165,1.09475,171.21106,2.36144,169.37749,2.36464,0.29412
0.84244,3.13406,0.15044,0.75017,0.02408,4.16109,0.14931,0.75150,0.02411,4.94958,0.07144,0.67811,0.02223,0.86667
0.89340,3.37824,0.15471,0.20193,0.01084,3.31659,0.10893,0.36668,0.01679,3.94995,0.17116,0.37207,0.01458,0.76667
0.93242,12.08014,0.30929,0.54478,0.01783,5.98731,0.26579,0.55601,0.01829,3.28473,0.16658,0.54509,0.01784,0.86111
0.71090,146.11656,3.75742,152.22769,3.79543,3.18696,0.65509,3.10461,0.79137,177.88388,3.70030,178.15252,3.74289,0.46154
0.92184,175.83569,2.58794,179.80666,2.77553,3.27639,0.15702,0.65412,0.01955,6.41686,0.28150,0.66217,0.01970,0.86207
0.73019,105.64067,3.43797,92.89300,3.33920,0.99997,0.21253,0.37493,0.02182,167.85357,1.99241,169.02435,2.48661,0.55556
0.98232,179.08764,4.29063,179.54822,4.35584,7.81062,0.11091,0.13810,0.00785,7.17332,0.26831,0.29889,0.01052,0.76667
0.73349,110.20055,3.46260,92.70676,3.27631,167.93249,2.41959,177.02300,2.17250,169.27313,3.02037,173.25359,3.02945,0.45833
0.78061,4.11956,0.08075,0.23794,0.00833,179.80695,3.76990,174.62986,3.79162,165.24192,3.81501,177.61788,3.88180,0.51724
0.91848,63.66333,1.96492,62.90909,2.05864,10.23418,0.21741,0.24047,0.01021,157.81756,1.37960,160.74662,1.05593,0.25926
0.86656,9.21436,0.04216,0.44721,0.00816,5.05039,0.13957,0.43314,0.00766,3.94625,0.11733,0.44774,0.00817,0.86957
0.87942,125.59885,2.43067,146.13130,2.72395,8.31696,0.67861,4.84689,0.62410,175.27015,3.61492,163.09123,3.53734,0.61538
0.89550,172.55724,0.82674,172.55581,0.74980,4.52465,0.71430,4.10617,0.77359,179.63151,2.84578,175.08382,1.98343,0.64000
0.93279,0.78628,0.11579,0.25181,0.00655,1.26560,0.11340,0.25731,0.00682,6.07096,0.23986,0.25079,0.00651,0.93333
0.70568,179.76578,2.69348,178.04180,2.15357,3.05444,0.36513,0.34641,0.00602,149.16321,2.54751,151.60501,2.18907,0.66667
0.74731,147.04829,3.30652,138.95789,3.30337,5.64468,0.40178,0.40546,0.00595,1.08512,0.28932,0.37522,0.00673,0.85185
0.89221,2.83211,0.09042,0.05410,0.00861,6.58811,0.55233,0.05414,0.00861,2.17656,0.13254,0.21526,0.00997,0.85714
0.78442,105.98543,3.42012,92.48840,3.31220,178.83225,1.99371,179.98059,1.95351,162.24605,4.10827,152.16232,3.75761,0.45455
0.86223,14.09547,0.49786,0.66300,0.01749,3.18785,0.08888,0.66333,0.01749,14.54173,0.39731,0.66616,0.01756,0.72414
0.74282,23.24899,0.83587,4.78354,0.27213,136.56092,3.91358,136.81863,3.78647,37.18703,0.84192,40.64843,1.02931,0.66667
0.91142,111.62924,3.08643,165.48219,4.01712,11.22875,0.35270,0.81944,0.02250,178.06816,3.91890,171.57523,4.00107,0.61538
0.78994,128.31317,3.52263,112.58582,3.30960,178.05556,2.32161,176.57442,1.84575,179.97907,2.24568,179.99126,1.91993,0.81250
0.86785,179.82396,2.08578,179.97476,2.18240,3.43032,0.14488,0.52595,0.01761,174.02700,4.39567,179.26159,4.50367,0.41379
0.78322,147.27970,4.35070,150.34412,4.45649,155.67645,1.08797,159.47033,1.26957,168.83630,3.15579,158.51400,2.47016,0.68000
0.90316,9.10019,0.27897,0.65351,0.01944,9.76912,0.22044,0.63139,0.01879,5.74595,0.14489,0.63647,0.01906,0.70732
0.78929,169.13171,4.01472,172.41219,4.02752,7.10532,0.20485,0.30703,0.02224,167.31639,3.57255,176.98887,3.64343,0.20588
0.76690,13.42919,1.56746,8.44568,1.25963,170.73286,3.82330,159.83265,3.80293,24.67606,1.82940,25.54708,1.80788,0.45833
0.86238,5.42693,0.30508,0.15830,0.01838,4.09369,0.19509,0.15885,0.01844,5.15543,0.03527,0.15890,0.01847,0.74286
0.84907,91.05262,3.25308,93.46870,3.29557,171.67137,3.58939,179.96803,3.57027,7.39042,0.21513,0.30459,0.01901,0.64706
0.71040,127.76032,3.43179,141.64062,3.58619,89.16548,2.60824,92.40372,2.76055,176.95059,3.39189,177.01393,3.37246,0.56000
0.93240,64.09237,2.65770,78.74456,3.06333,159.83156,3.20148,156.25441,3.08653,134.36186,2.85732,116.77023,2.66101,0.77273
0.81631,2.91587,0.25223,0.01961,0.00263,9.08132,0.06194,0.02028,0.00251,11.82621,0.33527,0.01994,0.00256,0.75000
0.94406,174.85085,1.55630,178.45174,1.86791,138.16045,4.08254,121.76577,3.88797,176.60949,0.75597,168.69455,1.63143,0.64000
0.80809,18.64338,0.57591,1.67690,0.05255,135.51181,3.20619,167.89054,3.53516,21.19294,0.93611,0.19540,0.34802,0.69565
0.95338,173.84649,2.76640,171.05727,2.02611,63.79184,1.81055,68.27913,1.99919,161.02535,2.42297,160.94355,2.58415,0.79167
0.72727,168.61701,3.03016,161.91813,3.10740,171.43975,2.56922,168.51268,2.26142,24.85737,1.11490,29.81911,1.30066,0.63636
0.86423,5.69572,0.13585,0.15500,0.00859,5.75535,0.18296,0.09745,0.01160,1.83895,0.10285,0.10304,0.01171,0.88372
0.79124,124.40351,3.15009,119.50730,3.02285,19.86876,0.50139,0.43277,0.01185,5.87321,0.17559,0.42235,0.01160,0.85714
0.88424,14.70925,0.34563,0.11786,0.01486,2.26925,0.15119,0.42963,0.01393,8.57332,0.25495,0.39733,0.01329,0.75556
0.73976,3.89127,0.15151,0.50109,0.01894,8.66961,0.44578,0.67307,0.02037,5.33293,0.11186,0.65663,0.01980,0.87500
0.73346,12.12431,0.28887,0.17350,0.00552,4.72979,0.09570,0.19159,0.01137,5.82519,0.02334,0.19348,0.01121,0.97143
0.73171,35.38955,1.02016,0.49218,0.01236,170.52188,3.54979,168.63229,3.56841,148.76448,3.55428,146.31580,3.61133,0.57692
0.70880,177.65047,3.70682,174.80746,3.55934,1.29684,0.14633,0.63029,0.01654,14.22538,0.36764,0.63270,0.01660,0.73529
0.72763,11.55659,0.37056,0.26290,0.00551,0.00000,0.06081,0.06776,0.00756,1.57947,0.05632,0.08271,0.00585,0.97674
0.90175,1.86002,0.04613,0.82941,0.02101,3.86239,0.11486,0.83196,0.02288,3.86127,0.11693,0.83241,0.02289,0.90476
0.85382,3.16790,0.06301,0.56581,0.01718,1.63567,0.04572,0.54684,0.01676,5.67209,0.21754,0.56633,0.01721,0.75758
0.75862,149.93789,3.47067,142.89056,3.49398,12.13460,0.68787,12.29228,0.77826,163.86908,3.62817,160.89584,3.65395,0.45455
0.87610,7.02394,0.09136,0.30981,0.00563,5.85593,0.08972,0.12039,0.18351,177.41992,2.23004,179.55368,2.28592,0.80645
0.77409,5.57153,0.36811,1.29698,0.24621,10.14910,0.53285,1.26579,0.22844,3.26445,0.07509,0.56154,0.01924,0.93939
0.76654,6.38773,0.21220,0.13175,0.00650,9.68789,0.26450,0.70907,0.27291,4.80074,0.05207,0.13121,0.00650,0.77143
0.80253,178.36458,1.71501,178.61377,2.10559,102.69222,3.59218,97.26648,3.45350,20.47122,0.46945,0.40797,0.01131,0.58065
0.74197,179.83667,2.02323,179.98054,2.11536,173.50738,2.58986,178.41956,2.16283,145.91700,3.57657,151.07217,3.72868,0.41379
0.85989,179.97581,3.95939,178.46236,3.92144,1.70481,0.24186,0.59045,0.01357,3.48415,0.24495,0.58302,0.01330,0.90244
0.73718,5.27170,0.41691,0.41838,0.00539,5.03192,0.08823,0.41719,0.00538,2.89765,0.21044,0.41737,0.00537,0.88235
0.80000,178.77058,2.36854,171.41265,2.41055,174.22927,2.56393,179.68840,2.61995,174.43782,2.72602,170.59747,2.91677,0.50000
0.95094,163.46123,2.62220,172.34649,2.64508,164.46299,1.48175,163.07279,1.43405,39.12827,1.08765,102.52754,1.61722,0.73333
0.77736,30.00192,1.25918,32.39900,1.34156,174.03649,1.15773,164.70819,1.34903,91.76053,1.53526,99.86958,1.42496,0.53333
0.74913,11.53252,0.45724,4.78272,0.37931,2.11250,0.42111,2.52724,0.38803,17.85492,0.50894,2.42238,0.38812,0.72727
0.81881,114.33169,1.76510,132.85419,1.74281,94.47731,1.17425,100.18089,0.89494,26.35255,0.88274,5.81269,0.47390,0.60000
0.78746,128.72339,1.99568,124.99574,1.98964,165.41622,0.89186,168.26121,0.59347,152.52483,1.12735,148.23590,1.19386,0.71429
0.89895,149.97324,1.89395,148.64898,1.82749,154.02433,1.51438,160.53707,1.21963,116.47863,1.86630,92.67628,1.65234,0.66667
0.74216,148.64074,2.04688,166.21812,2.05169,128.77306,1.99964,106.50091,1.76908,131.25778,2.20075,130.93805,2.09506,0.68182
0.77150,11.35313,0.29924,0.40173,0.01456,3.08433,0.21017,0.39760,0.01438,155.09569,2.77026,170.44125,2.57688,0.57143
0.88172,22.40582,0.41051,0.46587,0.00699,162.42898,2.16766,168.02197,2.18262,169.13515,2.61113,179.25743,2.68718,0.54545
0.85012,10.92752,0.32804,0.21407,0.07700,3.64955,0.18410,0.21394,0.07700,172.11508,2.09540,166.69144,2.10413,0.66667
0.71920,172.13838,0.84545,170.73920,0.79289,164.76737,1.14790,173.49493,1.19640,60.54231,1.40906,99.74554,1.70403,0.43750
0.75184,170.30043,2.09617,175.50823,1.85306,129.73121,1.25960,120.76019,1.23691,177.27984,1.61451,173.33923,1.57983,0.42857
0.91362,158.79912,2.32235,151.76130,2.23122,176.44810,1.88868,179.79934,1.94908,173.89668,0.92667,171.24414,0.93741,0.68966
0.77077,67.90642,2.41348,111.16239,2.68883,55.84531,1.34173,38.08457,1.06139,151.37923,0.88780,177.97155,0.87397,0.50000
0.92992,163.62321,1.48756,158.02891,1.44397,3.43997,0.05668,0.30087,0.00518,20.32993,0.47369,0.30049,0.00517,0.68421
0.87601,0.75134,0.24026,0.63457,0.01578,8.64098,0.24508,0.63457,0.01578,13.73306,0.19263,0.76704,0.01702,0.75000
0.71159,1.35084,0.52495,1.96677,0.46192,5.63632,0.42331,1.88030,0.45042,10.27133,0.55512,2.03346,0.46197,0.66667
0.82255,3.43895,0.09306,0.51640,0.01078,0.00000,0.08283,0.52357,0.01069,2.68063,0.06102,0.51789,0.01077,0.91304
0.79875,69.24340,1.13635,61.90121,0.95489,137.30509,1.33144,161.37639,1.91636,156.98073,1.76103,153.16206,1.85602,0.79167
0.80702,2.60660,0.22509,0.31414,0.01004,3.32722,0.22273,0.31352,0.01006,4.74433,0.19668,0.31146,0.01002,0.90476
0.70877,100.73415,2.23626,105.44704,2.24098,12.02379,0.59600,14.00353,0.58528,4.84447,0.48624,1.61618,0.43028,0.61111
0.83713,4.10646,0.07174,0.27151,0.00600,8.59412,0.20852,0.27148,0.00600,28.15407,0.72391,0.27172,0.00600,0.70588
0.77778,5.34150,0.05132,0.89287,0.02011,3.53603,0.11478,0.89465,0.02016,177.95269,1.71767,172.71052,1.82037,0.56250
0.81759,6.35432,0.12436,0.63159,0.01435,6.35432,0.12436,0.63159,0.01435,4.75366,0.35248,0.67070,0.02229,0.70588
0.78519,22.43800,1.58381,14.66391,1.38094,1.02212,0.61788,0.36740,0.54862,155.81232,4.45414,161.91682,4.74847,0.26190
0.86584,3.07965,0.08469,0.10536,0.00398,1.77301,0.19754,0.09150,0.01851,1.55236,0.07668,0.09052,0.01852,0.96610
0.72471,108.21927,3.80617,113.09023,3.37479,16.67768,0.79831,0.19212,0.00604,9.03924,0.41279,0.18068,0.00625,0.83721
0.83616,9.76441,1.24859,0.67181,0.91883,3.12630,0.15780,0.31206,0.01442,3.82605,0.20062,0.30629,0.01424,1.00000
0.81113,9.64272,0.13482,0.26344,0.00790,9.76270,0.15563,0.09866,0.00158,2.28673,0.14907,0.26144,0.00776,0.87500
0.93493,12.48257,0.31442,0.08408,0.00931,4.31653,0.30948,0.14898,0.00676,2.64681,0.07306,0.14758,0.00689,0.92647
0.76075,69.62635,2.78895,74.72807,2.75632,2.89315,0.32630,0.54309,0.01379,120.63661,3.42447,119.71842,3.16029,0.84615
0.85368,14.06635,0.24590,0.32710,0.01339,2.12506,0.13562,0.33221,0.01374,0.63448,0.06783,0.33228,0.01359,0.97015
0.75790,132.22315,4.09200,133.53126,4.15485,8.73748,0.12906,0.65038,0.03642,4.35544,0.15465,0.65039,0.03642,0.87805
0.79422,9.96681,0.40310,0.45667,0.01463,0.00000,0.20745,0.45546,0.01455,4.90664,0.11617,0.46338,0.01462,0.85366
0.83591,20.53730,0.69393,0.83038,0.04080,5.15137,0.11734,0.82323,0.04052,0.64845,0.03417,0.80211,0.03933,0.74419
0.86118,13.08624,0.49062,0.25070,0.00688,25.30831,0.32117,22.75773,0.28720,6.35102,0.19109,0.24015,0.00657,0.80851
0.75670,137.64762,3.71143,134.37168,3.67707,76.27362,2.32743,84.94447,2.75314,168.70851,5.31643,167.38435,5.31122,0.69231
0.73267,12.82607,0.62264,0.63904,0.02854,0.00000,0.06716,0.63556,0.02842,1.79870,0.07512,0.63575,0.02842,0.93878
0.98996,101.90259,3.11269,95.27306,2.86859,113.23743,3.57522,114.40296,3.16883,135.06106,3.23319,139.81471,3.51455,0.32143
0.71795,118.60879,4.90239,116.56649,4.84041,3.11902,0.71448,1.39830,0.68020,5.56298,0.16759,0.77033,0.02680,0.81081
0.73269,101.87553,4.21605,108.40230,4.37024,11.79281,0.44187,0.78118,0.03328,8.61632,0.35147,0.75912,0.03241,0.90476
0.90625,9.37943,0.23639,0.39519,0.00692,79.17175,3.48523,76.48693,3.34124,7.29742,0.25116,0.39670,0.00698,0.94444
0.83776,143.35725,3.05411,137.49706,2.95766,6.16682,0.17750,0.49882,0.02165,2.58223,0.11663,0.51863,0.02245,0.86275
0.84673,133.51921,2.96423,136.25840,3.18529,87.45373,2.63475,92.27168,2.56075,9.58175,0.37255,0.84087,0.03972,0.88571
0.93666,3.37915,0.23143,0.51188,0.01453,3.27420,0.19881,0.35853,0.01026,1.47522,0.11940,0.52378,0.01478,0.57500
0.90456,9.53695,0.12680,0.26250,0.00698,11.17921,0.30217,0.26944,0.00660,4.36706,0.04528,0.25592,0.00730,0.56757
0.94271,11.52104,0.30930,0.24325,0.00550,4.16767,0.21966,0.15083,0.00763,1.75321,0.19108,0.14232,0.00767,0.62500
0.79319,4.87391,0.24601,0.90179,0.04001,10.67098,0.66612,0.94736,0.04194,2.23217,0.09983,0.91027,0.04033,0.94737
0.82161,167.11567,3.30457,168.79274,3.44798,174.00977,4.48152,174.34311,4.56339,161.11778,4.67725,162.51693,4.59093,0.52381
0.71813,111.82297,3.68373,112.72951,3.64014,127.01941,3.49716,120.79373,3.16028,136.64077,2.67156,144.19386,2.18648,0.25000
0.92630,16.68138,0.74978,0.24153,0.01197,19.06798,0.98369,0.24463,0.01764,10.19848,0.62199,0.24840,0.01771,0.62069
0.77030,172.79885,5.90197,172.05687,5.81550,3.65235,0.16555,0.08308,0.00432,1.47274,0.06837,0.08639,0.00441,0.76471
0.74919,151.15616,4.48673,151.51469,4.57564,125.57349,4.32842,131.29377,4.43796,178.19261,6.62274,175.97402,6.63206,0.62963
0.85627,92.01737,2.04997,88.50962,2.25195,87.95916,3.24409,89.34648,3.36566,3.53768,0.12129,0.44940,0.02198,0.67742
0.91205,149.37964,5.95685,152.56340,6.03415,11.20992,0.88740,7.25225,0.92212,163.81367,6.18969,168.21224,6.23212,0.42308
0.86399,170.24852,3.18284,171.36635,3.13728,9.90906,0.41003,0.49841,0.01490,5.14861,0.13695,0.47879,0.01425,0.61111
0.78280,177.92471,3.88409,176.79747,3.85425,2.22460,0.12149,0.42961,0.02771,1.01486,0.06137,0.42750,0.02765,0.83333
0.85960,62.33468,2.52932,59.10444,2.60315,35.94555,1.32823,31.64499,1.32917,46.48860,1.76991,44.09323,1.41331,0.78571
0.97994,164.29270,5.51963,172.54689,5.75158,8.34220,0.48368,0.49382,0.02177,6.00374,0.32983,0.48522,0.02168,0.82759
0.70046,8.10156,0.40404,0.56484,0.02664,5.55890,0.25798,0.56059,0.02653,1.56636,0.07202,0.56720,0.02676,0.89189
0.82942,88.32829,2.84606,86.57550,2.65699,8.85397,0.34402,0.45380,0.02002,6.68514,0.22062,0.43206,0.01913,0.86111
0.78055,1.15430,0.20469,0.29173,0.01134,4.26704,0.21342,0.29430,0.01143,1.15933,0.27363,0.29821,0.01156,0.66667
0.87141,7.67809,0.26099,0.26178,0.00708,88.76472,3.80313,100.28119,3.81089,8.18314,0.50115,0.26308,0.00721,0.80000
0.96312,7.98506,0.20997,0.14504,0.00979,3.77660,0.29358,0.17607,0.00754,2.56354,0.21400,0.17540,0.00756,0.88235
0.74894,96.21325,3.74125,85.14602,3.39702,172.56045,5.28888,170.69157,5.20928,115.82706,4.60560,129.56491,4.84037,0.66667
0.78594,125.31735,3.87640,125.91854,3.93401,10.94046,0.12595,0.84764,0.02992,2.84890,0.03608,0.82379,0.03055,0.89474
0.76229,175.66598,3.46024,177.77245,3.65657,3.07323,0.03717,1.20333,0.05801,1.64632,0.08124,1.21309,0.05844,0.89744
0.77375,7.69638,0.18348,0.68637,0.03046,8.38004,0.22458,0.68554,0.03037,8.92820,0.32531,0.67559,0.02990,0.80000
0.79330,80.59518,2.60246,80.73824,2.62823,10.35206,0.67083,0.48869,0.02457,121.21835,3.75478,118.64392,3.36681,0.68750
0.78955,49.04581,1.51774,51.86914,1.78342,4.58011,0.32726,0.20431,0.00342,7.35168,0.28390,0.19924,0.00338,0.93023
